           1
   0.0000000000000000        0.0000000000000000        0.0000000000000000
   0.0000000000000000        8.8000000000000007        0.0000000000000000
  -0.0000000000000000        8.8000000000000007        0.0000000000000000
   6.1232339957367660E-017   0.0000000000000000        1.0000000000000000
  -2.0942419883356989E-002  0.99978068347484550        1.2823533738276511E-018
 -0.99978068347484550       -2.0942419883356926E-002   6.1218910693341126E-017
  -4.1875653729199686E-002  0.99912283009885838        2.5641442650833661E-018
 -0.99912283009885838       -4.1875653729199623E-002   6.1178628791780591E-017
           2
  -0.0000000000000000        8.8000000000000007        0.0000000000000000     
  -0.0000000000000000        8.8000000000000007        0.0000000000000000     
  -0.0000000000000000        8.8000000000000007        0.0000000000000000     
   6.1232339957367660E-017   0.0000000000000000        1.0000000000000000     
  -8.1068747348138820E-002  0.99670851215558687        4.9640290975391847E-018
 -0.99670851215558687       -8.1068747348138709E-002   6.1030794454713009E-017
 -0.12013683883464715       0.99275734192944554        7.3562597569266046E-018
 -0.99275734192944554      -0.12013683883464704        6.0788855056196498E-017
